# Contrast report

## Text vs UI
|          |   Base |   Mantle |   Crust |   Surface0 |   Surface1 |   Surface2 |   Overlay0 |   Overlay1 |   Overlay2 |
|----------|--------|----------|---------|------------|------------|------------|------------|------------|------------|
| Text     |  12.54 |    13.66 |   14.54 |       9.45 |       6.85 |       5.16 |       3.77 |       2.85 |       2.26 |
| Subtext1 |  10.36 |    11.28 |   12.02 |       7.81 |       5.66 |       4.27 |       3.11 |       2.35 |       1.87 |
| Subtext0 |   8.37 |     9.11 |    9.7  |       6.31 |       4.57 |       3.45 |       2.51 |       1.9  |       1.51 |

## Semantic vs UI
|           |   Base |   Mantle |   Crust |   Surface0 |   Surface1 |   Surface2 |   Overlay0 |   Overlay1 |   Overlay2 |
|-----------|--------|----------|---------|------------|------------|------------|------------|------------|------------|
| Rosewater |  12.18 |    13.27 |   14.13 |       9.18 |       6.65 |       5.02 |       3.66 |       2.77 |       2.2  |
| Flamingo  |   9.14 |     9.95 |   10.6  |       6.89 |       4.99 |       3.76 |       2.75 |       2.08 |       1.65 |
| Pink      |   9.01 |     9.81 |   10.45 |       6.79 |       4.92 |       3.71 |       2.71 |       2.05 |       1.62 |
| Mauve     |   3.15 |     3.43 |    3.65 |       2.37 |       1.72 |       1.3  |       1.06 |       1.4  |       1.76 |
| Red       |   3.33 |     3.63 |    3.87 |       2.51 |       1.82 |       1.37 |       1    |       1.32 |       1.66 |
| Maroon    |   2.53 |     2.76 |    2.94 |       1.91 |       1.38 |       1.04 |       1.31 |       1.74 |       2.19 |
| Peach     |   6.65 |     7.25 |    7.72 |       5.02 |       3.63 |       2.74 |       2    |       1.51 |       1.2  |
| Yellow    |  10.72 |    11.67 |   12.43 |       8.08 |       5.85 |       4.42 |       3.22 |       2.44 |       1.93 |
| Green     |   7.39 |     8.04 |    8.57 |       5.57 |       4.03 |       3.04 |       2.22 |       1.68 |       1.33 |
| Teal      |   8.67 |     9.44 |   10.05 |       6.53 |       4.73 |       3.57 |       2.61 |       1.97 |       1.56 |
| Sky       |  11.6  |    12.63 |   13.46 |       8.75 |       6.33 |       4.78 |       3.49 |       2.64 |       2.09 |
| Sapphire  |   5.61 |     6.11 |    6.5  |       4.23 |       3.06 |       2.31 |       1.69 |       1.27 |       1.01 |
| Blue      |   6.72 |     7.31 |    7.79 |       5.06 |       3.67 |       2.77 |       2.02 |       1.53 |       1.21 |
| Lavender  |   7.61 |     8.29 |    8.83 |       5.74 |       4.16 |       3.14 |       2.29 |       1.73 |       1.37 |

## Semantic vs Semantic
|           |   Rosewater |   Flamingo |   Pink |   Mauve |   Red |   Maroon |   Peach |   Yellow |   Green |   Teal |   Sky |   Sapphire |   Blue |   Lavender |
|-----------|-------------|------------|--------|---------|-------|----------|---------|----------|---------|--------|-------|------------|--------|------------|
| Rosewater |        1    |       1.33 |   1.35 |    3.87 |  3.65 |     4.81 |    1.83 |     1.14 |    1.65 |   1.41 |  1.05 |       2.17 |   1.81 |       1.6  |
| Flamingo  |        1.33 |       1    |   1.01 |    2.9  |  2.74 |     3.61 |    1.37 |     1.17 |    1.24 |   1.05 |  1.27 |       1.63 |   1.36 |       1.2  |
| Pink      |        1.35 |       1.01 |   1    |    2.86 |  2.7  |     3.56 |    1.35 |     1.19 |    1.22 |   1.04 |  1.29 |       1.61 |   1.34 |       1.18 |
| Mauve     |        3.87 |       2.9  |   2.86 |    1    |  1.06 |     1.24 |    2.11 |     3.41 |    2.35 |   2.75 |  3.69 |       1.78 |   2.13 |       2.42 |
| Red       |        3.65 |       2.74 |   2.7  |    1.06 |  1    |     1.32 |    2    |     3.22 |    2.21 |   2.6  |  3.48 |       1.68 |   2.01 |       2.28 |
| Maroon    |        4.81 |       3.61 |   3.56 |    1.24 |  1.32 |     1    |    2.63 |     4.23 |    2.92 |   3.42 |  4.58 |       2.21 |   2.65 |       3.01 |
| Peach     |        1.83 |       1.37 |   1.35 |    2.11 |  2    |     2.63 |    1    |     1.61 |    1.11 |   1.3  |  1.74 |       1.19 |   1.01 |       1.14 |
| Yellow    |        1.14 |       1.17 |   1.19 |    3.41 |  3.22 |     4.23 |    1.61 |     1    |    1.45 |   1.24 |  1.08 |       1.91 |   1.6  |       1.41 |
| Green     |        1.65 |       1.24 |   1.22 |    2.35 |  2.21 |     2.92 |    1.11 |     1.45 |    1    |   1.17 |  1.57 |       1.32 |   1.1  |       1.03 |
| Teal      |        1.41 |       1.05 |   1.04 |    2.75 |  2.6  |     3.42 |    1.3  |     1.24 |    1.17 |   1    |  1.34 |       1.55 |   1.29 |       1.14 |
| Sky       |        1.05 |       1.27 |   1.29 |    3.69 |  3.48 |     4.58 |    1.74 |     1.08 |    1.57 |   1.34 |  1    |       2.07 |   1.73 |       1.52 |
| Sapphire  |        2.17 |       1.63 |   1.61 |    1.78 |  1.68 |     2.21 |    1.19 |     1.91 |    1.32 |   1.55 |  2.07 |       1    |   1.2  |       1.36 |
| Blue      |        1.81 |       1.36 |   1.34 |    2.13 |  2.01 |     2.65 |    1.01 |     1.6  |    1.1  |   1.29 |  1.73 |       1.2  |   1    |       1.13 |
| Lavender  |        1.6  |       1.2  |   1.18 |    2.42 |  2.28 |     3.01 |    1.14 |     1.41 |    1.03 |   1.14 |  1.52 |       1.36 |   1.13 |       1    |
