# Contrast report

## Text vs UI
|          |   base |   mantle |   crust |   surface0 |   surface1 |   surface2 |   overlay0 |   overlay1 |   overlay2 |
|----------|--------|----------|---------|------------|------------|------------|------------|------------|------------|
| text     |  15.08 |    16.99 |   17.97 |      12.91 |      10.13 |       7.77 |       6.06 |       4.41 |       3.03 |
| subtext0 |  10.01 |    11.28 |   11.93 |       8.57 |       6.73 |       5.16 |       4.02 |       2.93 |       2.01 |
| subtext1 |  12.34 |    13.9  |   14.71 |      10.56 |       8.29 |       6.36 |       4.96 |       3.61 |       2.48 |

## Semantic vs UI
|           |   base |   mantle |   crust |   surface0 |   surface1 |   surface2 |   overlay0 |   overlay1 |   overlay2 |
|-----------|--------|----------|---------|------------|------------|------------|------------|------------|------------|
| rosewater |  11.38 |    12.81 |   13.56 |       9.73 |       7.64 |       5.86 |       4.57 |       3.33 |       2.29 |
| flamingo  |   8.03 |     9.05 |    9.57 |       6.87 |       5.4  |       4.14 |       3.23 |       2.35 |       1.61 |
| pink      |   8.97 |    10.1  |   10.69 |       7.67 |       6.02 |       4.62 |       3.6  |       2.62 |       1.8  |
| mauve     |   3.07 |     3.45 |    3.65 |       2.62 |       2.06 |       1.58 |       1.23 |       1.11 |       1.62 |
| red       |   5.63 |     6.34 |    6.71 |       4.82 |       3.78 |       2.9  |       2.26 |       1.65 |       1.13 |
| maroon    |   3.65 |     4.12 |    4.35 |       3.13 |       2.45 |       1.88 |       1.47 |       1.07 |       1.36 |
| peach     |   8.38 |     9.44 |    9.99 |       7.17 |       5.63 |       4.32 |       3.37 |       2.45 |       1.68 |
| yellow    |   9.52 |    10.72 |   11.34 |       8.14 |       6.4  |       4.91 |       3.82 |       2.79 |       1.91 |
| green     |   6.71 |     7.56 |    8    |       5.74 |       4.51 |       3.46 |       2.7  |       1.96 |       1.35 |
| teal      |   7.76 |     8.74 |    9.24 |       6.64 |       5.21 |       4    |       3.12 |       2.27 |       1.56 |
| sky       |   8.47 |     9.54 |   10.09 |       7.25 |       5.69 |       4.36 |       3.4  |       2.48 |       1.7  |
| sapphire  |   4.05 |     4.56 |    4.82 |       3.46 |       2.72 |       2.08 |       1.62 |       1.18 |       1.23 |
| blue      |   5.86 |     6.6  |    6.98 |       5.01 |       3.94 |       3.02 |       2.35 |       1.71 |       1.18 |
| lavender  |   5.78 |     6.51 |    6.88 |       4.94 |       3.88 |       2.98 |       2.32 |       1.69 |       1.16 |

## Semantic vs Semantic
|           |   rosewater |   flamingo |   pink |   mauve |   red |   maroon |   peach |   yellow |   green |   teal |   sky |   sapphire |   blue |   lavender |
|-----------|-------------|------------|--------|---------|-------|----------|---------|----------|---------|--------|-------|------------|--------|------------|
| rosewater |        1    |       1.42 |   1.27 |    3.71 |  2.02 |     3.11 |    1.36 |     1.2  |    1.7  |   1.47 |  1.34 |       2.81 |   1.94 |       1.97 |
| flamingo  |        1.42 |       1    |   1.12 |    2.62 |  1.43 |     2.2  |    1.04 |     1.19 |    1.2  |   1.04 |  1.05 |       1.99 |   1.37 |       1.39 |
| pink      |        1.27 |       1.12 |   1    |    2.93 |  1.59 |     2.45 |    1.07 |     1.06 |    1.34 |   1.16 |  1.06 |       2.22 |   1.53 |       1.55 |
| mauve     |        3.71 |       2.62 |   2.93 |    1    |  1.84 |     1.19 |    2.73 |     3.11 |    2.19 |   2.53 |  2.76 |       1.32 |   1.91 |       1.88 |
| red       |        2.02 |       1.43 |   1.59 |    1.84 |  1    |     1.54 |    1.49 |     1.69 |    1.19 |   1.38 |  1.5  |       1.39 |   1.04 |       1.03 |
| maroon    |        3.11 |       2.2  |   2.45 |    1.19 |  1.54 |     1    |    2.29 |     2.61 |    1.84 |   2.12 |  2.32 |       1.11 |   1.6  |       1.58 |
| peach     |        1.36 |       1.04 |   1.07 |    2.73 |  1.49 |     2.29 |    1    |     1.14 |    1.25 |   1.08 |  1.01 |       2.07 |   1.43 |       1.45 |
| yellow    |        1.2  |       1.19 |   1.06 |    3.11 |  1.69 |     2.61 |    1.14 |     1    |    1.42 |   1.23 |  1.12 |       2.35 |   1.62 |       1.65 |
| green     |        1.7  |       1.2  |   1.34 |    2.19 |  1.19 |     1.84 |    1.25 |     1.42 |    1    |   1.16 |  1.26 |       1.66 |   1.15 |       1.16 |
| teal      |        1.47 |       1.04 |   1.16 |    2.53 |  1.38 |     2.12 |    1.08 |     1.23 |    1.16 |   1    |  1.09 |       1.92 |   1.32 |       1.34 |
| sky       |        1.34 |       1.05 |   1.06 |    2.76 |  1.5  |     2.32 |    1.01 |     1.12 |    1.26 |   1.09 |  1    |       2.09 |   1.45 |       1.47 |
| sapphire  |        2.81 |       1.99 |   2.22 |    1.32 |  1.39 |     1.11 |    2.07 |     2.35 |    1.66 |   1.92 |  2.09 |       1    |   1.45 |       1.43 |
| blue      |        1.94 |       1.37 |   1.53 |    1.91 |  1.04 |     1.6  |    1.43 |     1.62 |    1.15 |   1.32 |  1.45 |       1.45 |   1    |       1.01 |
| lavender  |        1.97 |       1.39 |   1.55 |    1.88 |  1.03 |     1.58 |    1.45 |     1.65 |    1.16 |   1.34 |  1.47 |       1.43 |   1.01 |       1    |
