# Contrast report

## Text vs UI
|          |   Base |   Mantle |   Crust |   Surface0 |   Surface1 |   Surface2 |   Overlay0 |   Overlay1 |   Overlay2 |
|----------|--------|----------|---------|------------|------------|------------|------------|------------|------------|
| Text     |   7.45 |     6.84 |    6.31 |       5.3  |       4.4  |       3.63 |       2.94 |       2.32 |       1.87 |
| Subtext0 |   4.6  |     4.22 |    3.9  |       3.27 |       2.72 |       2.24 |       1.82 |       1.44 |       1.15 |
| Subtext1 |   5.88 |     5.4  |    4.98 |       4.18 |       3.47 |       2.87 |       2.32 |       1.83 |       1.48 |

## Semantic vs UI
|           |   Base |   Mantle |   Crust |   Surface0 |   Surface1 |   Surface2 |   Overlay0 |   Overlay1 |   Overlay2 |
|-----------|--------|----------|---------|------------|------------|------------|------------|------------|------------|
| Rosewater |   2.61 |     2.39 |    2.21 |       1.86 |       1.54 |       1.27 |       1.03 |       1.23 |       1.53 |
| Flamingo  |   2.51 |     2.31 |    2.13 |       1.79 |       1.49 |       1.23 |       1.01 |       1.28 |       1.59 |
| Pink      |   2.51 |     2.3  |    2.12 |       1.78 |       1.48 |       1.22 |       1.01 |       1.28 |       1.59 |
| Mauve     |   3.74 |     3.43 |    3.16 |       2.66 |       2.21 |       1.82 |       1.48 |       1.16 |       1.07 |
| Red       |   2.62 |     2.4  |    2.22 |       1.86 |       1.55 |       1.28 |       1.03 |       1.23 |       1.52 |
| Maroon    |   3.82 |     3.51 |    3.24 |       2.72 |       2.26 |       1.86 |       1.51 |       1.19 |       1.04 |
| Peach     |   2.5  |     2.3  |    2.12 |       1.78 |       1.48 |       1.22 |       1.01 |       1.28 |       1.59 |
| Yellow    |   2.53 |     2.32 |    2.15 |       1.8  |       1.5  |       1.24 |       1    |       1.27 |       1.57 |
| Green     |   2.54 |     2.33 |    2.15 |       1.81 |       1.5  |       1.24 |       1    |       1.26 |       1.57 |
| Teal      |   2.53 |     2.32 |    2.14 |       1.8  |       1.49 |       1.23 |       1    |       1.27 |       1.58 |
| Sky       |   2.5  |     2.3  |    2.12 |       1.78 |       1.48 |       1.22 |       1.01 |       1.28 |       1.59 |
| Sapphire  |   4    |     3.67 |    3.39 |       2.85 |       2.36 |       1.95 |       1.58 |       1.25 |       1    |
| Blue      |   2.98 |     2.73 |    2.52 |       2.12 |       1.76 |       1.45 |       1.18 |       1.08 |       1.34 |
| Lavender  |   3.01 |     2.76 |    2.55 |       2.14 |       1.78 |       1.47 |       1.19 |       1.07 |       1.33 |

## Semantic vs Semantic
|           |   Rosewater |   Flamingo |   Pink |   Mauve |   Red |   Maroon |   Peach |   Yellow |   Green |   Teal |   Sky |   Sapphire |   Blue |   Lavender |
|-----------|-------------|------------|--------|---------|-------|----------|---------|----------|---------|--------|-------|------------|--------|------------|
| Rosewater |        1    |       1.04 |   1.04 |    1.43 |  1    |     1.47 |    1.04 |     1.03 |    1.03 |   1.03 |  1.04 |       1.53 |   1.14 |       1.15 |
| Flamingo  |        1.04 |       1    |   1    |    1.49 |  1.04 |     1.52 |    1    |     1.01 |    1.01 |   1.01 |  1    |       1.59 |   1.19 |       1.2  |
| Pink      |        1.04 |       1    |   1    |    1.49 |  1.04 |     1.53 |    1    |     1.01 |    1.01 |   1.01 |  1    |       1.6  |   1.19 |       1.2  |
| Mauve     |        1.43 |       1.49 |   1.49 |    1    |  1.43 |     1.02 |    1.49 |     1.47 |    1.47 |   1.48 |  1.49 |       1.07 |   1.25 |       1.24 |
| Red       |        1    |       1.04 |   1.04 |    1.43 |  1    |     1.46 |    1.05 |     1.03 |    1.03 |   1.03 |  1.05 |       1.53 |   1.14 |       1.15 |
| Maroon    |        1.47 |       1.52 |   1.53 |    1.02 |  1.46 |     1    |    1.53 |     1.51 |    1.51 |   1.51 |  1.53 |       1.05 |   1.28 |       1.27 |
| Peach     |        1.04 |       1    |   1    |    1.49 |  1.05 |     1.53 |    1    |     1.01 |    1.01 |   1.01 |  1    |       1.6  |   1.19 |       1.2  |
| Yellow    |        1.03 |       1.01 |   1.01 |    1.47 |  1.03 |     1.51 |    1.01 |     1    |    1    |   1    |  1.01 |       1.58 |   1.18 |       1.19 |
| Green     |        1.03 |       1.01 |   1.01 |    1.47 |  1.03 |     1.51 |    1.01 |     1    |    1    |   1    |  1.01 |       1.58 |   1.17 |       1.18 |
| Teal      |        1.03 |       1.01 |   1.01 |    1.48 |  1.03 |     1.51 |    1.01 |     1    |    1    |   1    |  1.01 |       1.58 |   1.18 |       1.19 |
| Sky       |        1.04 |       1    |   1    |    1.49 |  1.05 |     1.53 |    1    |     1.01 |    1.01 |   1.01 |  1    |       1.6  |   1.19 |       1.2  |
| Sapphire  |        1.53 |       1.59 |   1.6  |    1.07 |  1.53 |     1.05 |    1.6  |     1.58 |    1.58 |   1.58 |  1.6  |       1    |   1.34 |       1.33 |
| Blue      |        1.14 |       1.19 |   1.19 |    1.25 |  1.14 |     1.28 |    1.19 |     1.18 |    1.17 |   1.18 |  1.19 |       1.34 |   1    |       1.01 |
| Lavender  |        1.15 |       1.2  |   1.2  |    1.24 |  1.15 |     1.27 |    1.2  |     1.19 |    1.18 |   1.19 |  1.2  |       1.33 |   1.01 |       1    |
